1.765351
2.112336
2.459297
2.806258
3.518186
3.980930
4.443696
5.153945
5.616916
6.102993
6.565850
7.028708
7.508209
7.970907
8.433605
8.896304
9.354104
9.814966
10.275827
10.772517
11.233742
11.694943
12.182540
12.643923
13.105306
13.593674
14.055193
14.516689
14.998413
15.459796
15.921179
16.389433
16.850386
17.311361
17.772312
18.264921
18.726078
19.187233
19.681995
20.142834
20.603697
21.094921
21.556303
22.017687
22.496599
22.957981
23.419388
24.128096
24.589865
25.051632
25.554581
26.016190
26.477800
27.178480
27.639729
28.100975
28.655352
29.112019
29.568663
30.136734
30.591066
31.045374
31.393787
31.850567
32.307346
32.808979
33.269840
33.730701
34.218231
34.679615
35.140999
35.602383
36.093468
36.555035
37.016598
37.501293
37.962833
38.424400
38.901360
39.362766
39.824173
40.313992
40.775578
41.237144
41.720455
42.181995
42.643517
43.125011
43.586418
44.047825
44.509228
45.000702
45.462337
45.923992
46.405716
46.867233
47.328754
47.811565
48.273014
48.734444
49.220089
49.681633
50.143196
50.626053
51.087574
51.549091
52.028343
52.489773
52.951202
53.412632
53.900433
54.361904
54.823357
55.313107
55.774628
56.236122
56.719025
57.180454
57.641861
58.125103
58.586487
59.047867
59.744694
60.205784
60.666847
61.357166
61.817867
62.278572
62.842201
63.302402
63.762608
64.220657
64.680885
65.141136
65.625145
66.085190
66.545235
67.298706
67.758049
68.217369
68.782860
69.241226
69.699593
70.268120
70.726097
71.184059
71.720428
72.179680
72.638908
73.242424
73.701454
74.160500
74.727707
75.186371
75.645012
76.215378
76.674805
77.134239
77.698097
78.155853
78.613586
79.174309
79.627144
80.079956
80.626396
81.081383
81.536346
82.031631
82.491493
82.951363
83.437164
83.898232
84.359322
84.845627
85.307053
85.768478
86.251930
86.713104
87.174286
87.635490
88.116600
88.577866
89.039162
89.529976
89.991341
90.452675
90.936600
91.397842
91.859093
92.344894
92.806282
93.267662
93.752747
94.213943
94.675171
95.153496
95.614647
96.075829
96.536987
97.033241
97.494713
97.956169
98.436600
98.897980
99.359367
99.845169
100.306396
100.767616
101.252678
101.714104
102.175552
102.866959
103.328094
103.789253
104.290588
104.751816
105.213058
105.702560
106.163879
106.625214
107.109459
107.570656
108.031860
108.920700
109.380974
109.841270
110.395439
110.855034
111.314606
111.800003
112.259750
112.719498
113.205940
113.666237
114.126534
114.612518
115.073357
115.534172
116.018303
116.479118
116.939934
117.425056
117.885582
118.346123
118.806664
119.297958
119.758888
120.219818
120.705444
121.166306
121.627167
122.112267
122.573013
123.033768
123.517372
123.978050
124.438751
124.924171
125.385010
125.845848
126.331520
126.792267
127.252991
127.713745
128.205963
128.666779
129.127594
129.611496
130.072037
130.532562
131.018295
131.479004
131.939713
132.424713
132.885437
133.346191
133.831390
134.292206
134.752991
135.213791
135.928345
136.389191
137.115494
137.575989
138.036484
138.516846
138.976913
139.437012
140.117844
140.577866
141.037872
141.561386
142.021271
142.481140
142.968979
143.429001
143.889023
144.375122
144.836533
145.297943
145.783585
146.245087
146.706573
147.185867
147.647217
148.108521
148.569839
149.107468
149.569183
150.030914
150.472809
150.934372
151.395935
151.876984
152.338531
152.800095
153.283829
153.745377
154.206909
154.973587
155.431061
155.888550
156.322113
156.780457
157.238800
157.739929
158.200089
158.660278
159.144516
159.604691
160.064880
160.552963
161.015961
161.478928
161.941925
162.419983
162.880768
163.341568
163.831253
164.292084
164.752930
165.239563
165.700272
166.160995
166.644302
167.105072
167.565857
168.048950
168.509750
168.970520
169.455154
169.915787
170.376419
170.837036
171.329926
171.790878
172.251831
172.739304
173.200119
173.660904
174.144852
174.605621
175.066391
175.549164
176.010040
176.470932
176.955780
177.416733
177.877686
178.361877
178.822540
179.283203
179.743851
180.240067
180.701096
181.162109
181.645050
182.105835
182.566605
183.048599
183.509384
183.970184
184.456940
184.917801
185.378677
185.861557
186.322540
186.783539
187.267578
187.728317
188.189087
188.649841
189.144196
189.605057
190.065918
190.548752
191.009430
191.470108
191.955811
192.416595
192.877365
193.362381
193.823151
194.283905
194.767532
195.228455
195.689362
196.150269
196.682999
197.143646
197.604324
198.049438
198.510269
198.971085
199.455551
199.916397
200.377228
200.861862
201.322769
201.783691
202.267120
202.727921
203.188705
203.675125
204.135986
204.596878
205.057755
205.773972
206.234833
206.725189
207.185989
207.646774
208.129974
208.590469
209.050995
209.511490
210.232407
210.693222
211.173676
211.634415
212.095154
212.577530
213.037979
213.498413
213.958862
214.490845
214.950592
215.410339
215.939880
216.398529
216.857162
217.388412
217.845718
218.303009
218.870087
219.325165
219.780243
220.355057
220.809586
221.264130
221.718613
222.173599
222.628571
223.329163
223.784668
224.240189
224.816483
225.272629
225.728760
226.297409
226.750946
227.204514
227.786987
228.242294
228.697601
229.276550
229.733612
230.190659
230.624649
231.084396
231.544174
232.254471
232.714401
233.174332
233.890030
234.349167
234.844330
235.303131
235.761932
236.220718
236.722107
237.181183
237.640244
238.196808
238.655762
239.114716
239.682968
240.141953
240.600937
241.170364
241.630005
242.089630
242.655960
243.115372
243.574783
244.133087
244.587997
245.042923
245.618576
246.073196
246.527847
247.253586
247.712769
248.206421
248.666672
249.126938
249.587189
250.080719
250.541534
251.002335
251.489471
251.950134
252.410812
252.894577
253.355164
253.815765
254.298950
254.759750
255.220551
255.705673
256.166534
256.627380
257.112732
257.573456
258.034210
258.494934
258.989380
259.450195
259.911011
260.394501
260.855225
261.315948
261.798920
262.259766
262.720581
263.206604
263.667480
264.128387
264.611877
265.072815
265.533752
265.994720
266.714661
267.175446
267.890503
268.351196
268.811890
269.298676
269.759308
270.219971
270.706024
271.166840
271.627655
272.112457
272.573181
273.033875
273.517700
273.978394
274.439087
274.899811
275.433319
275.893951
276.354553
276.799652
277.260376
277.721100
278.205994
278.666779
279.127594
279.612152
280.073120
280.534027
281.017334
281.478058
281.938812
282.424316
282.884949
283.345520
283.806152
284.338776
284.799652
285.260559
285.705200
286.165985
286.626770
287.112915
287.573456
288.034058
288.517212
288.978027
289.438873
289.923615
290.384430
290.845245
291.329346
291.790100
292.250824
292.711548
293.194916
293.655884
294.116852
294.612640
295.073303
295.533997
296.018219
296.478943
296.939636
297.423828
297.884644
298.345459
298.829163
299.289948
299.750763
300.240112
300.700531
301.160919
301.621338
302.110962
302.571503
303.032043
303.586426
304.046509
304.506561
305.071655
305.531281
305.990936
306.562164
307.021790
307.481415
307.969208
308.429199
308.889191
309.377655
309.839874
310.302032
310.783630
311.245270
311.706909
312.189362
312.651215
313.113037
313.597015
314.058746
314.520477
314.982178
315.471527
315.933594
316.395599
316.877808
317.339355
317.800903
318.282440
318.743805
319.205200
319.937653
320.398163
320.858673
321.331207
321.791321
322.251404
322.738647
323.199646
323.660645
324.143097
324.604187
325.065216
325.547913
326.009308
326.470673
326.953705
327.414948
327.876221
328.337494
328.825958
329.287415
329.748901
330.236969
330.698303
331.159637
331.643280
332.104523
332.565796
333.048248
333.509644
333.971008
334.453278
334.914520
335.375763
335.837006
336.561615
337.023010
337.502502
337.963776
338.425018
339.118378
339.579559
340.040741
340.539856
341.001190
341.462555
341.953705
342.414978
342.876221
343.359894
343.821167
344.282471
344.743744
345.466278
345.927582
346.618347
347.079407
347.540497
348.034912
348.495728
348.956573
349.451813
349.912231
350.372681
350.859863
351.320312
351.780762
352.264526
352.724182
353.183807
353.643433
354.124207
354.585297
355.046387
355.544800
356.005981
356.467194
356.952209
357.413269
357.874329
358.358582
358.819641
359.280701
359.764465
360.225525
360.686584
361.172119
361.633240
362.094360
362.555450
363.040894
363.502228
363.963531
364.450348
364.911346
365.372345
365.859253
366.319916
366.780579
367.265320
367.726135
368.186951
368.671417
369.132538
369.593689
370.076599
370.537811
370.999084
371.460327
371.949219
372.410492
372.871796
373.433777
373.894714
374.355652
374.918762
375.379150
375.839569
376.401978
376.860931
377.319855
377.881012
378.336426
378.791840
379.365448
379.820038
380.274658
380.849152
381.302582
381.756012
382.334961
382.788269
383.241547
383.828339
384.279449
384.730621
385.313965
385.764893
386.215790
386.798920
387.249237
387.699585
388.284454
388.734528
389.184570
389.770874
390.221130
390.671387
391.261047
