1.795646
2.144898
2.494150
2.843401
3.255419
3.568299
3.881179
4.194059
4.887234
5.348435
5.809660
6.374376
6.836123
7.297868
7.862494
8.325238
8.788005
9.337823
9.789411
10.240997
10.815533
11.268730
11.721951
12.311316
12.763583
13.215850
13.797234
14.249411
14.701588
15.282699
15.734580
16.186462
16.781361
17.251112
17.720884
18.258118
18.717438
19.176735
19.838617
20.298662
20.758707
21.291496
21.752403
22.213287
22.754173
23.214966
23.675760
24.214581
24.674150
25.133718
25.687891
26.146893
26.605896
27.174763
27.634172
28.093582
28.661837
29.121723
29.581633
29.933401
30.393946
30.854513
31.318390
31.778072
32.237755
32.868435
33.327801
33.787167
34.620090
35.081089
35.542110
36.094307
36.555237
37.016167
37.579956
38.040680
38.501408
39.066166
39.526962
39.987755
40.552448
41.013355
41.474262
42.038933
42.500046
42.961132
43.525013
43.986122
44.447212
45.010635
45.471497
45.932381
46.496258
46.956917
47.417549
47.981972
48.442448
48.902924
49.469162
49.930180
50.391201
50.955692
51.416962
51.878208
52.442154
52.903584
53.365013
53.926849
54.387596
54.848343
55.413834
55.875034
56.336235
56.647709
57.108913
57.570091
58.059231
58.520908
58.982563
59.881359
60.342857
60.804356
61.358276
61.819546
62.280815
62.844627
63.306007
63.767414
64.329498
64.790314
65.251114
65.815376
66.276077
66.736778
67.296669
67.754967
68.213287
68.785126
69.244629
69.704124
70.270409
70.729500
71.188591
71.756035
72.214897
72.673790
73.243332
73.702835
74.162315
74.729095
75.188438
75.647758
76.214760
76.673874
77.132996
77.701248
78.160568
78.619888
79.187347
79.646690
80.106033
80.673897
81.133469
81.593063
82.160477
82.620316
83.080139
83.646126
84.105736
84.565353
85.131905
85.591362
86.050819
86.617325
87.076462
87.535599
88.101654
88.559929
89.018188
89.586624
90.044334
90.502060
91.072746
91.530479
91.988205
92.558250
93.015694
93.473129
94.046844
94.505577
94.964287
95.532173
95.990524
96.448868
96.970314
97.430000
97.889679
98.515556
98.972763
99.429977
99.997345
100.459137
100.920952
101.483948
101.946030
102.408096
102.969978
103.431999
103.894035
104.453491
104.914238
105.374992
106.103287
106.564560
107.435326
107.896324
108.357323
109.063263
109.524239
110.405922
110.865326
111.324760
111.881538
112.341156
112.800751
113.369682
113.830315
114.290955
114.851112
115.309410
115.767731
116.339958
116.799637
117.259346
117.825829
118.285423
118.744987
119.313309
119.773582
120.233879
120.795197
121.253403
121.711586
122.279930
122.737434
123.194946
123.770271
124.229912
124.689568
125.256348
125.716011
126.175667
126.613449
127.074471
127.535484
128.230820
128.691635
129.152420
129.717987
130.179337
130.640701
130.940247
131.401291
131.862320
132.698486
133.159348
133.620178
134.175064
134.635834
135.096603
135.660370
136.120743
136.581161
137.146240
137.606506
138.066803
138.629181
139.087891
139.546616
140.110855
140.567398
141.023895
141.601608
142.060455
142.519318
143.088089
143.547150
144.006210
144.571793
145.029663
145.487534
146.062515
146.522720
146.982895
147.551331
148.012924
148.474487
149.036285
149.497284
149.958282
150.526596
150.989700
151.452805
152.002838
152.461014
152.919205
153.487228
153.944580
154.401947
154.977692
155.437241
155.896759
156.462952
156.922089
157.381241
157.949051
158.408188
158.867340
159.432556
159.890427
160.348328
160.922180
161.381821
161.841446
162.406876
162.865829
163.324783
163.891830
164.350220
164.808624
165.144424
165.600906
166.057373
166.863419
167.321518
167.779633
168.348328
168.805847
169.263382
169.836899
170.295670
170.754440
171.321472
171.779495
172.237534
172.809891
173.269089
173.728271
174.296234
174.755539
175.214859
175.781784
176.240860
176.699905
177.266373
177.724670
178.182968
178.753036
179.211655
179.670273
180.237183
180.694824
181.152466
181.720383
182.176605
182.632812
183.205460
183.661179
184.116898
184.692093
185.148056
185.604034
186.194519
186.651672
187.108826
187.664490
188.120590
188.576691
189.148773
189.603973
190.059158
190.633286
191.087692
191.542114
192.119904
192.574585
193.029282
193.606216
194.061020
194.515823
195.091385
195.545731
196.000092
196.577576
197.031967
197.486374
198.063690
198.518112
198.972565
199.551590
200.006943
200.462265
201.037598
201.492905
201.948212
202.520981
202.974915
203.428864
204.005585
204.458801
204.912018
205.406326
205.860565
206.314804
206.985809
207.443085
207.900345
208.206024
208.656311
209.106598
209.595581
210.049866
210.504150
210.958435
211.488724
211.945129
212.401520
212.962479
213.418457
213.874466
214.412476
214.867874
215.323242
215.901535
216.352631
216.803696
217.378281
217.824692
218.271118
218.876846
219.329498
219.782150
220.360474
220.811920
221.263351
221.845490
222.296402
222.747330
223.329926
223.780029
224.230118
224.813339
225.262085
