1.743719
2.156236
2.568753
3.224785
3.516531
3.808277
4.100023
4.391791
4.863243
5.306644
5.750045
6.357959
6.811474
7.265011
7.843674
8.291247
8.738798
9.323673
9.762359
10.201066
10.809751
11.248435
11.687143
12.296123
12.734988
13.173832
13.783379
14.222835
14.662291
15.270022
15.709750
16.149479
16.756916
17.197052
17.637188
18.386486
18.979660
19.877573
20.467438
21.362562
21.951859
22.848572
23.437845
24.332607
24.920862
25.818594
26.406803
27.151701
27.593786
28.035851
28.631407
29.064466
29.497551
30.113878
30.545147
30.976418
31.600159
32.031544
32.462925
33.085102
33.515896
33.946690
34.571632
35.002651
35.433697
36.056507
36.486916
36.917347
37.545055
37.976734
38.408413
39.033695
39.466644
39.899593
40.517937
40.949955
41.381973
42.002201
42.433311
42.864445
43.488117
43.919163
44.350204
44.972561
45.402790
45.833015
46.458389
46.888481
47.318573
47.943562
48.373219
48.802856
49.431179
49.861588
50.292019
50.921223
51.353626
51.786034
52.408707
52.841816
53.274921
54.059727
54.650772
55.530453
56.113831
57.018890
57.603447
58.501019
59.083607
59.990158
60.574287
61.477779
62.062653
62.969208
63.556736
64.457191
65.045692
65.943176
66.531631
67.429298
68.017776
68.914169
69.502037
70.398865
70.986053
71.884987
72.472198
73.372650
73.960655
74.859589
75.448029
76.345467
76.933807
77.831131
78.419250
79.315918
79.903404
80.801292
81.388435
82.211136
82.798439
83.774986
84.362900
85.259750
85.852814
86.748161
87.336578
88.232407
88.819885
89.416351
90.004082
90.591812
91.333694
91.921928
92.693153
93.281906
94.176056
94.769028
95.665329
96.254105
97.151474
97.740273
98.636551
99.224854
100.121681
100.709480
101.606667
102.193970
102.923515
103.511879
104.114830
104.704285
105.293739
105.917343
106.507713
107.564781
108.155258
108.917168
109.510498
110.116486
110.706573
111.296646
112.200661
112.790634
113.418526
114.008591
114.919159
115.509163
116.416756
117.006599
117.619072
118.209000
118.798935
119.699707
120.289322
121.197052
121.786461
122.530746
123.119476
123.898232
124.485718
125.376007
125.959343
126.861023
127.443810
128.348068
128.931366
129.752792
130.248962
130.745117
131.320358
131.805038
132.721741
133.205826
133.689926
134.267853
134.751770
135.693466
136.177170
136.660843
137.237839
137.720703
138.514282
139.113510
139.808777
140.401382
140.993988
141.616760
142.209030
143.110275
143.702789
144.320114
144.912338
145.504578
146.118759
146.710846
147.315918
147.908066
148.500229
149.109360
149.701813
150.621902
151.214020
152.107712
152.699707
153.313019
153.905014
154.496979
155.406128
155.998459
156.903488
157.495789
158.249725
158.841797
159.607422
160.199112
161.059296
161.651367
162.541367
163.131409
164.025558
164.614655
165.512329
166.101776
166.997818
167.586990
168.484222
169.073532
169.968338
170.556717
171.455551
172.044464
172.941589
173.530472
174.429657
175.019547
175.813156
176.402954
177.017136
177.609390
178.201614
178.813477
179.405899
180.377487
180.969116
181.862427
182.453522
183.015335
183.605957
184.196625
184.949982
185.540710
186.319839
186.910522
187.813583
188.404648
189.292496
189.883408
190.778702
191.369705
192.265060
192.856171
193.798569
194.389709
195.236786
195.827682
196.722427
197.313126
198.208389
198.799026
199.694427
200.285034
201.180756
201.771500
202.666916
203.257706
204.153000
204.743790
205.211243
205.801926
206.392624
207.016434
207.607056
208.612061
209.203262
210.098297
210.689575
211.584152
212.175308
213.068710
213.659134
214.554871
215.145309
216.040863
216.631271
217.208572
217.799179
218.389801
219.140945
219.731476
220.499435
221.089996
221.987137
222.578522
223.471542
224.062088
224.952316
225.546005
226.442108
227.031860
227.928406
228.518280
229.414246
230.003998
230.899338
231.488602
232.385178
232.974289
233.871048
234.460098
235.359009
235.948975
236.843948
237.433380
238.329086
238.918045
